{
 "cells": [
  {
   "cell_type": "markdown",
   "metadata": {},
   "source": [
    "## <center>CSCI E-82</center>\n",
    "## <center>HW 1  Dimensionality Reduction</center>\n",
    "### <center>Due: Sept 17, 2018 11:59pm EST</center>\n",
    "\n",
    "#### Note that this is an individual homework to be completed without collaborations except through Piazza.  \n",
    "\n",
    "#### We encourage you to make progress this weekend since the second homework will likely come out in a week before this one is due.\n",
    "\n"
   ]
  },
  {
   "cell_type": "markdown",
   "metadata": {},
   "source": [
    "### Your name:"
   ]
  },
  {
   "cell_type": "markdown",
   "metadata": {},
   "source": [
    "Sharjil Khan"
   ]
  },
  {
   "cell_type": "markdown",
   "metadata": {},
   "source": [
    "### Problem 1   (5 points)\n",
    "\n",
    "$$\\mathbf{X} = \\left[\\begin{array}\n",
    "{rrr}\n",
    "1 & 2 & 3 \\\\\n",
    "4 & 5 & 6 \\\\\n",
    "7 & 8 & 9\n",
    "\\end{array}\\right]\n",
    "$$\n",
    "\n",
    "$$\\mathbf{Y} = \\left[\\begin{array}\n",
    "{rrr}\n",
    "1 & 2 & 1 \\\\\n",
    "2 & 1 & 2  \n",
    "\\end{array}\\right]\n",
    "$$\n",
    "\n",
    "Compute XY<sup>T</sup>.  The answer can be computed by hand and written in Markdown like the above matrices, or computed in python.  Either way is acceptable."
   ]
  },
  {
   "cell_type": "code",
   "execution_count": 3,
   "metadata": {},
   "outputs": [
    {
     "name": "stdout",
     "output_type": "stream",
     "text": [
      "Answer = \n",
      " [[ 8 10]\n",
      " [20 25]\n",
      " [32 40]]\n"
     ]
    }
   ],
   "source": [
    "import numpy as np\n",
    "\n",
    "X = np.array([[1,2,3],[4,5,6],[7,8,9]])\n",
    "Y = np.array([[1,2,1],[2,1,2]])\n",
    "\n",
    "print(\"Answer = \\n\", np.dot(X,Y.T))\n",
    "\n",
    "\n"
   ]
  },
  {
   "cell_type": "markdown",
   "metadata": {},
   "source": [
    "### Problem 2  \n",
    "\n",
    "This problem goes through a combination of python data manipulations as well as the full math projection using PCA.  We have divided the problem into multiple parts.\n",
    "\n"
   ]
  },
  {
   "cell_type": "markdown",
   "metadata": {},
   "source": [
    "### Problem 2a  (5 points)\n",
    "\n",
    "Download and load in the data set from the UCI archive https://archive.ics.uci.edu/ml/machine-learning-databases/ecoli/.  Print the dimensions and the first few rows to demonstrate a successful load."
   ]
  },
  {
   "cell_type": "code",
   "execution_count": 4,
   "metadata": {},
   "outputs": [
    {
     "name": "stdout",
     "output_type": "stream",
     "text": [
      "Rows: 336, Columns: 9\n"
     ]
    },
    {
     "data": {
      "text/html": [
       "<div>\n",
       "<style scoped>\n",
       "    .dataframe tbody tr th:only-of-type {\n",
       "        vertical-align: middle;\n",
       "    }\n",
       "\n",
       "    .dataframe tbody tr th {\n",
       "        vertical-align: top;\n",
       "    }\n",
       "\n",
       "    .dataframe thead th {\n",
       "        text-align: right;\n",
       "    }\n",
       "</style>\n",
       "<table border=\"1\" class=\"dataframe\">\n",
       "  <thead>\n",
       "    <tr style=\"text-align: right;\">\n",
       "      <th></th>\n",
       "      <th>0</th>\n",
       "      <th>1</th>\n",
       "      <th>2</th>\n",
       "      <th>3</th>\n",
       "      <th>4</th>\n",
       "      <th>5</th>\n",
       "      <th>6</th>\n",
       "      <th>7</th>\n",
       "      <th>8</th>\n",
       "    </tr>\n",
       "  </thead>\n",
       "  <tbody>\n",
       "    <tr>\n",
       "      <th>0</th>\n",
       "      <td>AAT_ECOLI</td>\n",
       "      <td>0.49</td>\n",
       "      <td>0.29</td>\n",
       "      <td>0.48</td>\n",
       "      <td>0.5</td>\n",
       "      <td>0.56</td>\n",
       "      <td>0.24</td>\n",
       "      <td>0.35</td>\n",
       "      <td>cp</td>\n",
       "    </tr>\n",
       "    <tr>\n",
       "      <th>1</th>\n",
       "      <td>ACEA_ECOLI</td>\n",
       "      <td>0.07</td>\n",
       "      <td>0.40</td>\n",
       "      <td>0.48</td>\n",
       "      <td>0.5</td>\n",
       "      <td>0.54</td>\n",
       "      <td>0.35</td>\n",
       "      <td>0.44</td>\n",
       "      <td>cp</td>\n",
       "    </tr>\n",
       "    <tr>\n",
       "      <th>2</th>\n",
       "      <td>ACEK_ECOLI</td>\n",
       "      <td>0.56</td>\n",
       "      <td>0.40</td>\n",
       "      <td>0.48</td>\n",
       "      <td>0.5</td>\n",
       "      <td>0.49</td>\n",
       "      <td>0.37</td>\n",
       "      <td>0.46</td>\n",
       "      <td>cp</td>\n",
       "    </tr>\n",
       "    <tr>\n",
       "      <th>3</th>\n",
       "      <td>ACKA_ECOLI</td>\n",
       "      <td>0.59</td>\n",
       "      <td>0.49</td>\n",
       "      <td>0.48</td>\n",
       "      <td>0.5</td>\n",
       "      <td>0.52</td>\n",
       "      <td>0.45</td>\n",
       "      <td>0.36</td>\n",
       "      <td>cp</td>\n",
       "    </tr>\n",
       "    <tr>\n",
       "      <th>4</th>\n",
       "      <td>ADI_ECOLI</td>\n",
       "      <td>0.23</td>\n",
       "      <td>0.32</td>\n",
       "      <td>0.48</td>\n",
       "      <td>0.5</td>\n",
       "      <td>0.55</td>\n",
       "      <td>0.25</td>\n",
       "      <td>0.35</td>\n",
       "      <td>cp</td>\n",
       "    </tr>\n",
       "  </tbody>\n",
       "</table>\n",
       "</div>"
      ],
      "text/plain": [
       "            0     1     2     3    4     5     6     7   8\n",
       "0   AAT_ECOLI  0.49  0.29  0.48  0.5  0.56  0.24  0.35  cp\n",
       "1  ACEA_ECOLI  0.07  0.40  0.48  0.5  0.54  0.35  0.44  cp\n",
       "2  ACEK_ECOLI  0.56  0.40  0.48  0.5  0.49  0.37  0.46  cp\n",
       "3  ACKA_ECOLI  0.59  0.49  0.48  0.5  0.52  0.45  0.36  cp\n",
       "4   ADI_ECOLI  0.23  0.32  0.48  0.5  0.55  0.25  0.35  cp"
      ]
     },
     "execution_count": 4,
     "metadata": {},
     "output_type": "execute_result"
    }
   ],
   "source": [
    "import pandas as pd\n",
    "url = 'https://archive.ics.uci.edu/ml/machine-learning-databases/ecoli/ecoli.data'\n",
    "ecoli = pd.read_csv(url, delim_whitespace=True, header= None)\n",
    "rows, columns = ecoli.shape\n",
    "print(\"Rows: %d, Columns: %d\" %(rows, columns))\n",
    "ecoli.head()"
   ]
  },
  {
   "cell_type": "markdown",
   "metadata": {},
   "source": [
    "### Problem 2b  (10 points)\n",
    "Compute and print the covariance matrix for all columns excluding the first and last.  Rather than use the built-in function, compute this using python code for practice.  The following equation will suffice for this.\n",
    "\n",
    "Cov(X, Y) = Σ ( Xi - X ) ( Yi - Y ) / N \n"
   ]
  },
  {
   "cell_type": "code",
   "execution_count": 5,
   "metadata": {
    "scrolled": true
   },
   "outputs": [
    {
     "name": "stdout",
     "output_type": "stream",
     "text": [
      "[[ 3.77696393e-02  1.30758929e-02  2.52169785e-03  3.71935232e-04\n",
      "   5.24106966e-03  1.66205251e-02  6.78989690e-03]\n",
      " [ 1.30758929e-02  2.18851190e-02  5.72619048e-04  7.44047619e-05\n",
      "   1.26220238e-03  5.52916667e-03 -3.71815476e-03]\n",
      " [ 2.52169785e-03  5.72619048e-04  7.80810658e-03  7.50779478e-04\n",
      "   7.57872732e-04  1.82342687e-03 -1.06371173e-03]\n",
      " [ 3.71935232e-04  7.44047619e-05  7.50779478e-04  7.41833192e-04\n",
      "  -1.48853812e-04 -4.49085884e-05 -2.97220451e-04]\n",
      " [ 5.24106966e-03  1.26220238e-03  7.57872732e-04 -1.48853812e-04\n",
      "   1.49312491e-02  7.35713754e-03  6.45596035e-03]\n",
      " [ 1.66205251e-02  5.52916667e-03  1.82342687e-03 -4.49085884e-05\n",
      "   7.35713754e-03  4.64100872e-02  3.64568931e-02]\n",
      " [ 6.78989690e-03 -3.71815476e-03 -1.06371173e-03 -2.97220451e-04\n",
      "   6.45596035e-03  3.64568931e-02  4.37222497e-02]]\n"
     ]
    }
   ],
   "source": [
    "from sklearn import decomposition, preprocessing\n",
    "\n",
    "#DROP FIRST AND LAST COLUMN \n",
    "cols = [0,8]\n",
    "ecoli_numeric = ecoli.drop(ecoli.columns[cols],axis=1)\n",
    "\n",
    "#SUBTRACT MEAN TO CENTER THE DATA AROUND 0 ON ALL AXIS\n",
    "mu = ecoli_numeric.mean(axis=0)\n",
    "ecoli_0 = ecoli_numeric - mu\n",
    "\n",
    "#CALCULATE MANUALLY\n",
    "means = ecoli_0.mean(axis=0)\n",
    "ecoli0 = ecoli_0 - means\n",
    "N, column_num = ecoli0.shape\n",
    "\n",
    "# FUNCTION TO COMPUTE EACH ROW OF THE COVARIANCE MATRIX\n",
    "def covariance_row (matrix , column_values ):\n",
    "    N, column_num = matrix.shape\n",
    "    row = []\n",
    "    for i in range(1, column_num+1):\n",
    "        dot_prod = np.dot(matrix.iloc[:, (i-1): i].T, column_values)\n",
    "        row.append(dot_prod[0,0]/N)\n",
    "    return row\n",
    "# FUNCTION TO COMPUTE THE COVARIANCE MATRIX\n",
    "def covariance_matrix(dataframe):\n",
    "    N, column_num = dataframe.shape\n",
    "    cov = []\n",
    "    for i in range(0,column_num):\n",
    "        cov.append(covariance_row(dataframe, dataframe.iloc[:,i:i+1]))\n",
    "    return cov\n",
    "\n",
    "#GET THE COVARIANCE MATRIX AND PRINT IT\n",
    "C = np.array(covariance_matrix(ecoli0))\n",
    "print(C)\n"
   ]
  },
  {
   "cell_type": "markdown",
   "metadata": {},
   "source": [
    "### Problem 2c  (10 points)\n",
    "\n",
    "Compute the decomposition of the covariance matrix using singular value decomposition.  Using a python function is definitely the way to go here."
   ]
  },
  {
   "cell_type": "code",
   "execution_count": 8,
   "metadata": {},
   "outputs": [
    {
     "name": "stdout",
     "output_type": "stream",
     "text": [
      "Eigenvalues Sorted:\n",
      "[0.08943556 0.0423127  0.01458897 0.01284528 0.00850822 0.00492059\n",
      " 0.00065696]\n",
      "Eigenvectors Sorted:\n",
      "[[-3.41720629e-01 -7.29824958e-01  4.56914809e-01  3.52555665e-01\n",
      "  -1.29441525e-01  2.62199804e-02 -8.56193962e-03]\n",
      " [-9.17492644e-02 -5.28794379e-01 -7.04480258e-01 -3.42514767e-01\n",
      "  -1.39018617e-01  2.81111220e-01  2.89703065e-04]\n",
      " [-1.99698823e-02 -7.25012267e-02  9.24097367e-02 -1.46705018e-02\n",
      "   8.54762221e-01  4.93627297e-01 -1.06318528e-01]\n",
      " [ 9.74209562e-04 -1.16809378e-02  8.81896510e-03  1.64849996e-02\n",
      "   8.61437517e-02  6.21081678e-02  9.94100049e-01]\n",
      " [-1.47115119e-01 -4.80496808e-02  4.70463079e-01 -8.66343630e-01\n",
      "  -4.86492931e-02 -3.90505852e-02  1.64278490e-02]\n",
      " [-6.89914858e-01  7.21275410e-02 -2.54072739e-01 -1.83906883e-02\n",
      "   3.50569568e-01 -5.75266798e-01  9.64476070e-03]\n",
      " [-6.13827312e-01  4.18124394e-01  2.07514962e-02  8.37356323e-02\n",
      "  -3.17196689e-01  5.83358230e-01 -5.01770938e-03]]\n",
      "\n",
      "U:\n",
      "[[-3.41720629e-01 -7.29824958e-01  4.56914809e-01  3.52555665e-01\n",
      "  -1.29441525e-01  2.62199804e-02 -8.56193962e-03]\n",
      " [-9.17492644e-02 -5.28794379e-01 -7.04480258e-01 -3.42514767e-01\n",
      "  -1.39018617e-01  2.81111220e-01  2.89703065e-04]\n",
      " [-1.99698823e-02 -7.25012267e-02  9.24097367e-02 -1.46705018e-02\n",
      "   8.54762221e-01  4.93627297e-01 -1.06318528e-01]\n",
      " [ 9.74209562e-04 -1.16809378e-02  8.81896510e-03  1.64849996e-02\n",
      "   8.61437517e-02  6.21081678e-02  9.94100049e-01]\n",
      " [-1.47115119e-01 -4.80496808e-02  4.70463079e-01 -8.66343630e-01\n",
      "  -4.86492931e-02 -3.90505852e-02  1.64278490e-02]\n",
      " [-6.89914858e-01  7.21275410e-02 -2.54072739e-01 -1.83906883e-02\n",
      "   3.50569568e-01 -5.75266798e-01  9.64476070e-03]\n",
      " [-6.13827312e-01  4.18124394e-01  2.07514962e-02  8.37356323e-02\n",
      "  -3.17196689e-01  5.83358230e-01 -5.01770938e-03]]\n",
      "S:\n",
      "[[0.08943556 0.         0.         0.         0.         0.\n",
      "  0.        ]\n",
      " [0.         0.0423127  0.         0.         0.         0.\n",
      "  0.        ]\n",
      " [0.         0.         0.01458897 0.         0.         0.\n",
      "  0.        ]\n",
      " [0.         0.         0.         0.01284528 0.         0.\n",
      "  0.        ]\n",
      " [0.         0.         0.         0.         0.00850822 0.\n",
      "  0.        ]\n",
      " [0.         0.         0.         0.         0.         0.00492059\n",
      "  0.        ]\n",
      " [0.         0.         0.         0.         0.         0.\n",
      "  0.00065696]]\n",
      "V:\n",
      "[[-3.41720629e-01 -9.17492644e-02 -1.99698823e-02  9.74209562e-04\n",
      "  -1.47115119e-01 -6.89914858e-01 -6.13827312e-01]\n",
      " [-7.29824958e-01 -5.28794379e-01 -7.25012267e-02 -1.16809378e-02\n",
      "  -4.80496808e-02  7.21275410e-02  4.18124394e-01]\n",
      " [ 4.56914809e-01 -7.04480258e-01  9.24097367e-02  8.81896510e-03\n",
      "   4.70463079e-01 -2.54072739e-01  2.07514962e-02]\n",
      " [ 3.52555665e-01 -3.42514767e-01 -1.46705018e-02  1.64849996e-02\n",
      "  -8.66343630e-01 -1.83906883e-02  8.37356323e-02]\n",
      " [-1.29441525e-01 -1.39018617e-01  8.54762221e-01  8.61437517e-02\n",
      "  -4.86492931e-02  3.50569568e-01 -3.17196689e-01]\n",
      " [ 2.62199804e-02  2.81111220e-01  4.93627297e-01  6.21081678e-02\n",
      "  -3.90505852e-02 -5.75266798e-01  5.83358230e-01]\n",
      " [-8.56193962e-03  2.89703065e-04 -1.06318528e-01  9.94100049e-01\n",
      "   1.64278490e-02  9.64476070e-03 -5.01770938e-03]]\n"
     ]
    },
    {
     "data": {
      "text/plain": [
       "True"
      ]
     },
     "execution_count": 8,
     "metadata": {},
     "output_type": "execute_result"
    }
   ],
   "source": [
    "# FIND THE EIGENVALUES AND EIGENVECTORS FROM THE COVARIANCE MATRIX\n",
    "eigenvalues, eigenvectors = np.linalg.eigh(C)\n",
    "\n",
    "\n",
    "#SORT THE EIGENVALUES IN DESCENDING ORDER\n",
    "idx = np.argsort(-eigenvalues)\n",
    "eigenvalues = eigenvalues[idx]\n",
    "print('Eigenvalues Sorted:')\n",
    "print(eigenvalues)\n",
    "eigenvectors = eigenvectors[:,idx]\n",
    "print('Eigenvectors Sorted:')\n",
    "print(eigenvectors)\n",
    "\n",
    "# COMPUTE U, S, V\n",
    "U = eigenvectors\n",
    "S = eigenvalues * np.eye(column_num)\n",
    "V = U.T\n",
    "\n",
    "print(\"\\nU:\")\n",
    "print(U)\n",
    "print(\"S:\")\n",
    "print(S)\n",
    "print(\"V:\")\n",
    "print(V)\n",
    "\n",
    "# CHECK IF ORIGINAL COVARIANCE MATRIX IS RETURNED\n",
    "D = np.dot(U, np.dot(S,  V))\n",
    "np.allclose(C,D)\n"
   ]
  },
  {
   "cell_type": "markdown",
   "metadata": {},
   "source": [
    "### Problem 2d  (10 points)\n",
    "\n",
    "Compute the projection of the raw data onto the appropriate two eigenvectors.  Consider which columns should be projected and the normalizations."
   ]
  },
  {
   "cell_type": "code",
   "execution_count": 10,
   "metadata": {},
   "outputs": [
    {
     "name": "stdout",
     "output_type": "stream",
     "text": [
      "[[ 0.28560071  0.03527368]\n",
      " [ 0.29083817  0.330159  ]\n",
      " [ 0.10467597 -0.0152477 ]\n",
      " [ 0.08794301 -0.12221767]\n",
      " [ 0.3662676   0.21036611]\n",
      " [ 0.08023001 -0.08327277]\n",
      " [ 0.38555357  0.18739006]\n",
      " [ 0.33190109  0.23519751]\n",
      " [ 0.0643298   0.28387054]\n",
      " [ 0.37151499  0.00296018]\n",
      " [ 0.27966348  0.12284697]\n",
      " [ 0.4529588   0.08559031]\n",
      " [ 0.33173181  0.09719732]\n",
      " [ 0.21901728 -0.07979446]\n",
      " [ 0.4749507   0.12710027]\n",
      " [ 0.12989914  0.24257591]\n",
      " [ 0.34865965  0.06878927]\n",
      " [-0.02836356  0.19918564]\n",
      " [ 0.34335381  0.19045807]\n",
      " [ 0.3513704  -0.06094186]\n",
      " [ 0.55679426 -0.12278632]\n",
      " [ 0.58759337  0.08869104]\n",
      " [ 0.15979858 -0.06365125]\n",
      " [ 0.52580325  0.18313219]\n",
      " [ 0.42007625  0.02949799]\n",
      " [ 0.11604049  0.22828575]\n",
      " [ 0.26570136  0.19234895]\n",
      " [ 0.27790173  0.15703056]\n",
      " [ 0.17204237  0.08376635]\n",
      " [ 0.22504571  0.06064461]\n",
      " [ 0.2613917  -0.03012105]\n",
      " [ 0.22853447  0.17780982]\n",
      " [ 0.11665082 -0.06620763]\n",
      " [ 0.20581659  0.15325011]\n",
      " [ 0.46135353  0.17768333]\n",
      " [ 0.16504526  0.06125132]\n",
      " [ 0.29438979  0.08667428]\n",
      " [ 0.13791083 -0.15288892]\n",
      " [ 0.31664858  0.11611992]\n",
      " [ 0.36998975  0.00297334]\n",
      " [ 0.23945791  0.10021823]\n",
      " [ 0.13555289  0.20099448]\n",
      " [ 0.13612438  0.05619063]\n",
      " [ 0.25287127  0.1795886 ]\n",
      " [ 0.12896329 -0.10004694]\n",
      " [ 0.18661777  0.30221326]\n",
      " [-0.07481577  0.17158965]\n",
      " [ 0.26887141  0.04867432]\n",
      " [ 0.41227242  0.01373134]\n",
      " [ 0.27870455  0.25006429]\n",
      " [ 0.19577803  0.02512113]\n",
      " [ 0.62458105  0.09082702]\n",
      " [ 0.2251905   0.26639531]\n",
      " [ 0.0283988   0.20207408]\n",
      " [ 0.43637704 -0.07237731]\n",
      " [ 0.1881318  -0.04718646]\n",
      " [ 0.15814802  0.03893181]\n",
      " [ 0.22197303  0.11027592]\n",
      " [ 0.22515069  0.09775956]\n",
      " [ 0.18610835  0.08039364]\n",
      " [ 0.01833289  0.02718512]\n",
      " [ 0.2449825  -0.00100039]\n",
      " [ 0.05547609  0.16657255]\n",
      " [ 0.40532813  0.26103644]\n",
      " [ 0.18859236  0.0922141 ]\n",
      " [ 0.02063356  0.26520527]\n",
      " [ 0.27728074  0.21109576]\n",
      " [-0.00505219 -0.03192357]\n",
      " [ 0.35946212  0.17999838]\n",
      " [ 0.12582531  0.10287482]\n",
      " [ 0.39241511  0.23028946]\n",
      " [ 0.2758057  -0.03462157]\n",
      " [ 0.18376345  0.06900056]\n",
      " [ 0.3965304  -0.05224877]\n",
      " [ 0.34012643  0.16825698]\n",
      " [ 0.3004363   0.09054126]\n",
      " [ 0.28637403 -0.0201646 ]\n",
      " [ 0.06666642  0.07691664]\n",
      " [ 0.28975521  0.09382565]\n",
      " [ 0.19059505  0.17771886]\n",
      " [ 0.22870848  0.20280805]\n",
      " [ 0.23115245  0.05505032]\n",
      " [ 0.37253466  0.08836062]\n",
      " [ 0.22493802  0.03643629]\n",
      " [ 0.06900602  0.08403208]\n",
      " [ 0.00526035  0.11882288]\n",
      " [ 0.01186153  0.01671049]\n",
      " [ 0.16378088 -0.01888677]\n",
      " [ 0.31769947 -0.07932744]\n",
      " [ 0.2598017  -0.02311136]\n",
      " [ 0.19601094  0.10233959]\n",
      " [ 0.36078878  0.01005797]\n",
      " [ 0.3703031  -0.01930099]\n",
      " [ 0.40438304  0.0842357 ]\n",
      " [ 0.31816695  0.10404268]\n",
      " [ 0.11309767 -0.29697019]\n",
      " [ 0.24625392  0.14830125]\n",
      " [ 0.24795757 -0.15165885]\n",
      " [ 0.19271491 -0.22830605]\n",
      " [ 0.17510294 -0.04004246]\n",
      " [ 0.29590036  0.05474484]\n",
      " [ 0.21694535  0.10696672]\n",
      " [ 0.42704586  0.09734034]\n",
      " [ 0.40639913  0.02888906]\n",
      " [ 0.32083787  0.22517302]\n",
      " [ 0.2705601   0.12871023]\n",
      " [ 0.18206702  0.00517858]\n",
      " [ 0.08795519  0.16047871]\n",
      " [ 0.21096762 -0.01016018]\n",
      " [ 0.38233194  0.01046059]\n",
      " [ 0.55039742  0.06056855]\n",
      " [ 0.03732716  0.22126026]\n",
      " [ 0.35127694  0.08669213]\n",
      " [ 0.28234862  0.1368443 ]\n",
      " [ 0.38070224  0.02287165]\n",
      " [ 0.34196091 -0.04324615]\n",
      " [ 0.228901    0.12387432]\n",
      " [ 0.38906584 -0.12848415]\n",
      " [ 0.15912193  0.17892797]\n",
      " [ 0.14743047  0.26511122]\n",
      " [ 0.29721461  0.26950286]\n",
      " [ 0.38335644  0.15273556]\n",
      " [ 0.32424186  0.23843235]\n",
      " [ 0.40055844  0.38065783]\n",
      " [ 0.11733475 -0.04039222]\n",
      " [ 0.17711785  0.08954889]\n",
      " [ 0.39594958  0.16286558]\n",
      " [ 0.19021922  0.06335507]\n",
      " [ 0.36291074  0.21463995]\n",
      " [ 0.15629441  0.11125454]\n",
      " [ 0.17703748  0.45295886]\n",
      " [ 0.22632084  0.14699194]\n",
      " [ 0.37313814  0.08817971]\n",
      " [ 0.2856448   0.20294986]\n",
      " [ 0.22693711  0.2059287 ]\n",
      " [ 0.23048762  0.09370682]\n",
      " [ 0.43439891  0.11264946]\n",
      " [ 0.35745222  0.16438102]\n",
      " [ 0.33289165  0.02817806]\n",
      " [ 0.3348251   0.23294501]\n",
      " [-0.02565911  0.1663488 ]\n",
      " [ 0.23110945  0.17976915]\n",
      " [ 0.35549193  0.21357201]\n",
      " [-0.06793977  0.24065691]\n",
      " [ 0.02540177  0.05242165]\n",
      " [-0.47232529  0.08703261]\n",
      " [-0.42041     0.39506455]\n",
      " [-0.3815037   0.27018134]\n",
      " [-0.32273309  0.23651334]\n",
      " [-0.46867564  0.15394197]\n",
      " [-0.27310884  0.38871233]\n",
      " [-0.30458056  0.14896224]\n",
      " [-0.17620367  0.25058282]\n",
      " [-0.40166486  0.12292555]\n",
      " [-0.0557508   0.23731631]\n",
      " [-0.41707814  0.23230157]\n",
      " [-0.61054576  0.11119793]\n",
      " [-0.39964732 -0.09867178]\n",
      " [-0.38032288  0.18314769]\n",
      " [-0.48627159  0.16775779]\n",
      " [-0.49530852  0.2507292 ]\n",
      " [-0.53400861  0.13171157]\n",
      " [-0.30584045 -0.04344151]\n",
      " [-0.30415289  0.11257235]\n",
      " [-0.29943612  0.24742747]\n",
      " [-0.38630386 -0.02587031]\n",
      " [-0.44506369  0.09253242]\n",
      " [-0.35804479  0.11463491]\n",
      " [-0.51982097  0.07785112]\n",
      " [-0.38372697  0.19997927]\n",
      " [-0.39449064  0.30745358]\n",
      " [-0.58513294  0.04592758]\n",
      " [-0.43123346  0.34467284]\n",
      " [-0.32094354  0.21557283]\n",
      " [-0.378491    0.00558454]\n",
      " [-0.22453518  0.15188023]\n",
      " [-0.27897578 -0.05723657]\n",
      " [-0.29604724 -0.03172065]\n",
      " [-0.40893263 -0.06060438]\n",
      " [-0.49245752  0.30069979]\n",
      " [-0.46023159  0.02858249]\n",
      " [-0.51863736  0.06926185]\n",
      " [-0.4205751   0.03359005]\n",
      " [ 0.22873538  0.23600789]\n",
      " [-0.34372453 -0.19705863]\n",
      " [-0.28728342  0.38783347]\n",
      " [-0.45041492 -0.18568813]\n",
      " [-0.4075664  -0.01004846]\n",
      " [-0.1678591   0.42416141]\n",
      " [-0.17457982 -0.07087104]\n",
      " [-0.14391879  0.28628168]\n",
      " [-0.32762264 -0.08053313]\n",
      " [-0.31863534  0.19534494]\n",
      " [-0.32096105  0.16720861]\n",
      " [-0.46674853  0.18092729]\n",
      " [-0.44672366  0.05690709]\n",
      " [-0.19138966  0.12323758]\n",
      " [-0.21112852  0.02901131]\n",
      " [-0.43929185  0.11219577]\n",
      " [-0.29373785  0.25731919]\n",
      " [-0.32723359  0.02786958]\n",
      " [-0.21671251  0.22453384]\n",
      " [-0.26204259  0.24859382]\n",
      " [-0.25775163  0.21568039]\n",
      " [-0.32577707  0.32639461]\n",
      " [-0.53461631  0.02389202]\n",
      " [-0.31008004  0.12748742]\n",
      " [-0.14047724  0.37320162]\n",
      " [-0.50735284  0.42584825]\n",
      " [-0.43738063 -0.01035674]\n",
      " [-0.42222923  0.05742981]\n",
      " [-0.38525487  0.09977841]\n",
      " [ 0.01265413 -0.10452855]\n",
      " [ 0.07286098  0.01860053]\n",
      " [ 0.11184531  0.35528962]\n",
      " [ 0.21186161  0.19383142]\n",
      " [ 0.10180869  0.08683856]\n",
      " [-0.05747366 -0.09273279]\n",
      " [-0.34455879 -0.14903014]\n",
      " [-0.73963414  0.07166205]\n",
      " [-0.04820124 -0.33273675]\n",
      " [-0.40648747  0.04978136]\n",
      " [ 0.05855067 -0.33213739]\n",
      " [-0.49929013  0.04054778]\n",
      " [-0.45390169  0.01654853]\n",
      " [-0.53052548 -0.01012169]\n",
      " [-0.49009677 -0.09618115]\n",
      " [-0.40276666  0.025512  ]\n",
      " [-0.42361659 -0.02770693]\n",
      " [-0.45437828  0.0241945 ]\n",
      " [-0.37910929 -0.00438115]\n",
      " [-0.37000461  0.1708445 ]\n",
      " [-0.2588356   0.0293947 ]\n",
      " [-0.34373534  0.00794068]\n",
      " [-0.35921303  0.04652237]\n",
      " [-0.40616255 -0.17984001]\n",
      " [-0.46282688 -0.12342605]\n",
      " [-0.43852679 -0.10214397]\n",
      " [-0.31614256 -0.10186661]\n",
      " [-0.36773735  0.01099519]\n",
      " [-0.40427554  0.09458247]\n",
      " [-0.43550641  0.10269954]\n",
      " [-0.64047398 -0.01223116]\n",
      " [-0.6072157  -0.05861517]\n",
      " [-0.49879848 -0.12874011]\n",
      " [-0.33475406  0.16876817]\n",
      " [-0.21605044 -0.08421317]\n",
      " [-0.57571397  0.0105166 ]\n",
      " [-0.24207489 -0.00778687]\n",
      " [-0.49509968 -0.09326866]\n",
      " [-0.41093323  0.09207756]\n",
      " [-0.31779603  0.0253273 ]\n",
      " [-0.43730234 -0.11358708]\n",
      " [-0.56887236 -0.16610282]\n",
      " [-0.37702255  0.01897167]\n",
      " [-0.56287737 -0.13379916]\n",
      " [-0.32335314 -0.1447148 ]\n",
      " [ 0.16336102 -0.03700957]\n",
      " [-0.35169929 -0.0770857 ]\n",
      " [ 0.0374417  -0.40912583]\n",
      " [ 0.11350214 -0.29975106]\n",
      " [ 0.02695423 -0.43931122]\n",
      " [ 0.15992954 -0.29501925]\n",
      " [-0.07210282 -0.36557991]\n",
      " [-0.02051332 -0.4743981 ]\n",
      " [-0.08875028 -0.44570022]\n",
      " [-0.08307043 -0.41309171]\n",
      " [ 0.00915109 -0.3743173 ]\n",
      " [ 0.04305255 -0.47740786]\n",
      " [ 0.04058347 -0.3836835 ]\n",
      " [ 0.05083137 -0.18166656]\n",
      " [ 0.00133115 -0.18936227]\n",
      " [ 0.08909816 -0.2466405 ]\n",
      " [ 0.18120883 -0.26012916]\n",
      " [-0.18221007 -0.2450057 ]\n",
      " [ 0.14128623 -0.32713834]\n",
      " [ 0.08365929 -0.19783404]\n",
      " [ 0.01701157 -0.33526193]\n",
      " [ 0.08477446 -0.30071741]\n",
      " [ 0.1835235  -0.46623496]\n",
      " [-0.02519471 -0.20403302]\n",
      " [-0.02045377 -0.24662308]\n",
      " [ 0.05719648 -0.33100722]\n",
      " [ 0.012207   -0.25664472]\n",
      " [-0.01069591 -0.22039497]\n",
      " [-0.05780273 -0.2335581 ]\n",
      " [ 0.08415265 -0.3631955 ]\n",
      " [-0.0060356  -0.39720509]\n",
      " [-0.03841681 -0.14174703]\n",
      " [ 0.084145   -0.45143735]\n",
      " [ 0.06857974 -0.30131124]\n",
      " [ 0.08050425 -0.40224993]\n",
      " [ 0.09398324 -0.24098621]\n",
      " [-0.06870081 -0.35424354]\n",
      " [ 0.10934398 -0.16535533]\n",
      " [-0.03610165 -0.30133026]\n",
      " [ 0.07730555 -0.2711938 ]\n",
      " [ 0.15918513 -0.38500197]\n",
      " [ 0.17921619 -0.35213511]\n",
      " [-0.21324142 -0.25762672]\n",
      " [ 0.29292033  0.12333481]\n",
      " [-0.06496879 -0.22909376]\n",
      " [-0.00291865 -0.24114075]\n",
      " [-0.04746685 -0.38096075]\n",
      " [ 0.05793017 -0.34773807]\n",
      " [ 0.20647878 -0.4008436 ]\n",
      " [ 0.05840106 -0.26265205]\n",
      " [-0.00689613 -0.40991812]\n",
      " [ 0.01389074 -0.31256163]\n",
      " [ 0.03625891 -0.31985453]\n",
      " [-0.07815722 -0.18641177]\n",
      " [-0.00371419 -0.42339406]\n",
      " [ 0.09175669 -0.23467383]\n",
      " [ 0.18467557 -0.33431481]\n",
      " [-0.52496176 -0.08101752]\n",
      " [ 0.01274853 -0.38940058]\n",
      " [ 0.21104953 -0.31454606]\n",
      " [ 0.19421481 -0.35182051]\n",
      " [ 0.03166292 -0.28492959]\n",
      " [-0.0378903  -0.179018  ]\n",
      " [ 0.09185903 -0.29361228]\n",
      " [ 0.09700778 -0.30922729]\n",
      " [-0.07964565 -0.21691282]\n",
      " [ 0.04257996 -0.36113851]\n",
      " [ 0.05585319 -0.29159337]\n",
      " [ 0.16047059  0.1961778 ]\n",
      " [ 0.09286279 -0.31078603]\n",
      " [ 0.19887035 -0.15329584]\n",
      " [ 0.08738149 -0.32219706]\n",
      " [-0.02848041 -0.26202269]\n",
      " [-0.01691867  0.02818486]\n",
      " [-0.08423256 -0.27480267]\n",
      " [ 0.13902577 -0.27411596]\n",
      " [ 0.11190373 -0.18710274]\n",
      " [ 0.10620378 -0.17885061]\n",
      " [-0.10876379 -0.28112947]]\n"
     ]
    }
   ],
   "source": [
    "# The data was centered so there is not need to normalize the eigenvectors\n",
    "# The U matrix is sorted from highest eigenvalue to lowest in previous section so no need to re-arrange here.\n",
    "\n",
    "Comp_num = 2\n",
    "\n",
    "# PROJECT DATA ON TOP TWO EIGENVECTORS    \n",
    "ecoli_PCA =np.dot(ecoli0,U[:,0:Comp_num])\n",
    "print(ecoli_PCA)\n",
    "\n",
    "\n",
    "\n",
    "\n"
   ]
  },
  {
   "cell_type": "markdown",
   "metadata": {},
   "source": [
    "### Problem 2e  (10 points)\n",
    "\n",
    "Plot the projected points such that the 8 different classes can be visually identified.  Be sure to label the classes and axes.  Commont on the quality of the separation of the different classes using PCA."
   ]
  },
  {
   "cell_type": "code",
   "execution_count": 13,
   "metadata": {},
   "outputs": [
    {
     "data": {
